,Age,Gender,cp,trestbps,chol,fbs,restecg,thalach,exang,oldpeak,slope,ca,thal,num
0,6,1,1,4,2,1,2,5,0,3,3,0,6,0
1,7,1,4,5,3,0,2,2,1,2,2,3,3,2
2,7,1,4,2,2,0,2,4,1,3,2,2,7,1
3,1,1,3,3,2,0,0,8,0,5,3,0,3,0
4,2,0,2,3,1,0,2,7,0,2,1,0,3,0
5,5,1,2,2,2,0,0,7,0,1,1,0,3,0
6,6,0,4,3,2,0,2,6,0,5,3,2,3,3
7,5,0,4,2,4,0,0,6,1,0,1,0,3,0
8,6,1,4,3,2,0,2,5,0,2,2,1,7,2
9,4,1,4,3,1,1,2,6,1,4,3,0,7,1
10,5,1,4,3,1,0,0,5,0,0,2,0,6,0
11,5,0,2,3,3,0,2,5,0,1,2,0,3,0
12,5,1,3,3,2,1,2,5,1,0,2,1,6,2
13,3,1,2,2,2,0,0,7,0,0,1,0,7,0
14,4,1,3,6,1,1,0,6,0,0,1,0,7,0
15,5,1,3,4,0,0,0,7,0,2,1,0,3,0
16,3,1,2,1,2,0,0,6,0,1,3,0,7,1
17,5,1,4,3,2,0,0,6,0,1,1,0,3,0
18,3,0,3,3,3,0,0,4,0,0,1,0,3,0
19,4,1,2,3,2,0,0,7,0,0,1,0,3,0
20,7,1,1,1,1,0,2,5,1,2,2,0,3,0
21,5,0,1,4,3,1,2,6,0,1,1,0,3,0
22,5,1,2,2,3,0,2,6,0,2,2,0,3,1
23,5,1,3,3,2,0,2,7,0,4,1,2,7,3
24,6,1,4,3,1,0,2,4,1,3,2,2,7,4
25,4,0,3,2,1,0,0,6,0,2,2,0,3,0
26,5,0,3,2,4,0,0,7,0,0,1,0,3,0
27,7,0,1,4,2,0,0,3,0,3,3,0,3,0
28,2,1,4,4,2,0,0,7,0,2,1,0,3,0
29,2,1,4,1,0,0,2,3,1,2,2,0,7,3
30,8,0,1,3,2,0,0,5,0,2,1,2,3,0
31,6,1,4,1,2,1,0,6,1,2,1,2,7,2
32,7,1,3,3,4,0,0,6,0,0,1,0,3,1
33,6,1,4,3,2,0,0,6,0,0,2,0,7,0
34,3,1,3,3,2,0,0,7,1,0,1,0,3,0
35,2,1,4,3,2,0,0,7,0,0,1,0,3,0
36,2,1,4,2,1,0,2,3,1,3,2,0,7,3
37,5,1,4,4,3,0,2,2,1,0,2,1,6,1
38,5,1,4,3,4,0,0,4,1,1,2,1,7,3
39,6,1,3,4,2,1,0,4,1,1,2,0,3,0
40,7,0,4,4,2,0,2,3,0,1,2,3,7,4
41,2,1,1,3,1,0,0,7,1,2,1,0,7,0
42,8,0,2,5,3,0,0,6,0,0,1,2,3,0
43,6,1,3,4,1,1,0,6,0,2,1,0,3,0
44,6,0,4,3,4,0,2,7,0,0,1,0,3,1
45,5,1,3,1,2,0,2,6,0,3,2,1,7,4
46,4,1,3,1,1,0,0,3,0,0,1,0,3,0
47,4,1,4,4,2,0,2,4,0,3,2,0,7,4
48,7,0,3,3,6,1,2,6,0,1,1,1,3,0
49,4,1,3,3,1,1,2,5,0,1,3,0,3,0
50,2,0,2,0,1,0,0,6,0,0,1,1,3,0
51,7,1,4,2,1,0,0,4,0,0,1,0,7,0
52,3,1,4,1,3,0,2,5,0,0,1,1,3,2
53,3,1,2,3,1,0,2,8,0,0,1,0,3,0
54,6,1,4,3,2,0,0,5,1,2,1,1,7,1
55,5,1,4,2,2,0,2,2,1,3,2,1,7,1
56,4,1,3,3,2,0,0,6,0,0,2,1,7,1
57,2,1,4,1,0,0,2,6,0,0,1,0,7,1
58,5,1,3,2,3,0,2,5,0,0,3,1,3,0
59,4,1,1,2,1,0,2,3,1,2,1,1,3,0
60,4,0,4,3,3,0,0,5,1,1,2,0,7,2
61,3,0,3,4,1,0,2,6,1,2,3,0,3,0
62,5,1,4,2,1,0,2,4,1,3,2,3,7,1
63,5,0,3,3,3,1,0,7,0,0,1,0,3,0
64,5,1,4,2,1,0,0,3,0,2,2,1,7,2
65,6,1,4,4,3,0,2,5,1,4,2,2,7,2
66,6,1,3,3,1,0,2,6,0,4,2,0,3,1
67,5,1,3,4,2,0,2,6,0,2,1,0,7,0
68,6,1,4,6,4,0,2,4,1,4,3,0,7,2
69,3,1,3,4,2,0,0,5,0,5,2,0,3,1
70,7,0,3,5,2,0,0,5,0,1,1,0,3,0
71,7,1,4,2,2,1,0,6,0,0,2,2,7,3
72,6,1,4,2,2,0,0,2,1,2,2,2,7,1
73,7,1,4,1,2,0,2,6,0,0,1,2,6,1
74,3,1,4,1,1,0,2,7,0,0,1,1,3,1
75,7,0,3,5,4,0,2,5,0,1,1,0,3,0
76,6,1,4,2,2,0,2,5,1,4,2,1,7,1
77,4,0,3,3,3,0,2,5,0,2,1,1,3,0
78,3,1,2,3,2,0,2,7,0,0,2,0,3,0
79,5,1,4,4,3,0,2,2,1,1,1,0,7,3
80,3,1,4,0,1,0,2,5,1,4,2,0,3,0
81,4,0,4,3,2,0,2,5,0,0,2,0,3,0
82,2,1,3,3,4,0,2,7,0,0,1,0,3,0
83,7,1,3,7,3,1,2,5,1,2,2,0,7,3
84,4,1,2,2,4,0,0,7,0,0,1,0,3,0
85,3,1,3,3,2,0,2,7,0,0,1,0,3,0
86,3,1,3,3,2,0,2,6,0,0,1,0,3,0
87,4,0,3,2,1,0,2,3,0,0,1,0,3,0
88,4,0,4,3,2,0,2,6,0,0,1,0,3,0
89,4,0,3,3,2,0,2,5,0,0,1,0,3,0
90,7,1,4,2,3,0,2,5,0,0,2,0,3,0
91,6,0,4,5,0,0,2,5,0,8,3,3,7,3
92,6,1,3,3,2,0,0,5,0,2,2,3,7,0
93,3,0,3,1,0,0,0,7,0,0,2,0,3,0
94,6,0,3,3,2,0,2,7,0,0,1,0,3,0
95,4,1,4,2,2,0,0,6,1,0,1,1,7,1
96,6,1,4,1,2,0,2,5,1,1,2,1,7,2
97,6,0,4,4,2,0,2,6,0,3,2,2,7,3
98,4,1,2,3,1,0,0,6,0,1,1,1,3,0
99,3,1,4,2,2,0,2,8,0,0,1,0,3,0
100,3,1,4,1,2,0,2,8,0,0,1,0,3,0
101,0,1,1,2,1,0,2,7,0,0,1,0,3,0
102,5,0,4,2,3,0,2,6,0,0,1,1,3,0
103,8,0,3,1,2,1,2,4,0,0,1,1,3,0
104,4,1,3,2,1,0,0,4,0,2,2,3,7,3
105,5,1,2,1,3,0,0,6,0,0,1,0,7,0
106,6,1,4,3,1,0,0,6,1,0,1,1,7,2
107,5,1,3,2,2,0,2,5,0,0,2,1,7,1
108,6,1,4,2,2,0,0,4,1,5,2,1,7,2
109,2,1,4,2,1,0,0,4,0,1,2,0,7,3
110,6,0,4,4,3,0,2,5,1,1,2,0,7,1
111,5,1,4,2,2,1,2,5,1,1,2,1,3,1
112,4,1,1,2,1,0,2,8,0,0,2,0,6,0
113,2,0,4,3,4,1,2,4,1,4,2,0,7,2
114,6,0,3,3,2,0,0,1,0,1,2,1,7,2
115,2,1,2,3,1,0,0,4,0,0,2,0,6,0
116,5,1,3,3,1,1,2,6,0,0,1,0,3,0
117,1,0,4,3,1,0,0,7,0,2,1,0,3,0
118,6,1,4,3,4,1,2,4,1,2,1,3,7,3
119,7,1,4,3,2,0,2,4,0,4,2,1,7,2
120,3,1,4,3,2,1,2,5,1,0,1,2,7,3
121,6,0,4,4,5,0,2,5,0,5,2,3,7,4
122,4,1,3,0,2,0,0,5,1,1,2,0,3,0
123,5,1,4,3,1,0,0,2,1,8,3,0,7,3
124,7,1,1,3,3,1,2,7,0,2,2,1,3,1
125,3,0,2,3,2,0,2,7,0,0,2,0,3,0
126,5,0,4,8,3,1,2,4,1,5,3,2,7,3
127,5,1,4,1,2,0,0,3,1,4,2,1,7,3
128,3,1,2,2,1,0,0,7,0,0,1,0,3,0
129,6,0,4,2,1,0,0,6,0,0,1,0,3,0
130,5,1,3,2,2,0,2,5,0,0,2,0,7,0
131,4,1,3,0,2,0,0,5,1,0,1,1,7,0
132,0,1,2,3,1,0,2,9,0,0,1,0,3,0
133,4,1,4,3,2,0,2,8,1,0,1,0,3,0
134,2,0,3,2,1,0,0,6,0,0,2,0,3,0
135,5,0,2,3,2,0,2,6,0,2,2,0,3,0
136,8,1,4,4,0,0,0,3,1,3,3,0,7,4
137,6,1,2,2,3,0,2,2,0,2,2,1,7,3
138,1,1,4,2,1,0,0,4,1,2,2,0,7,1
139,4,1,3,2,2,1,2,6,0,3,2,0,3,0
140,6,1,2,3,1,0,0,6,1,0,1,0,3,0
141,6,1,1,6,3,0,2,6,0,0,2,0,7,1
142,4,1,2,2,1,1,0,8,0,0,1,0,3,0
143,7,1,3,2,3,0,0,4,1,2,2,0,7,1
144,5,1,3,0,2,0,2,5,1,0,2,0,7,0
145,3,1,3,1,2,0,0,5,0,0,1,0,3,1
146,5,1,4,5,3,1,2,3,0,1,2,3,7,4
147,2,1,3,1,2,0,0,7,0,0,1,0,3,0
148,3,1,2,2,3,0,2,7,0,0,1,0,3,0
149,6,0,3,0,4,0,0,6,0,0,1,1,3,0
150,4,1,1,4,3,1,0,7,0,1,2,0,7,0
151,2,0,4,0,2,0,2,3,0,0,2,0,3,0
152,7,0,3,1,9,0,2,6,0,2,2,0,7,0
153,5,1,4,5,3,0,2,5,1,1,2,1,7,4
154,7,1,4,2,2,0,2,1,1,3,3,1,3,3
155,8,1,4,3,4,0,2,2,0,3,2,3,3,1
156,4,1,4,3,3,0,0,7,1,2,1,0,7,1
157,5,1,4,2,3,0,2,7,0,0,1,2,7,1
158,6,1,4,3,3,0,2,7,0,1,2,2,7,2
159,7,1,3,2,3,0,0,5,0,1,1,1,7,0
160,3,1,2,0,1,1,0,6,0,0,1,0,7,0
161,9,1,4,2,3,0,2,6,1,0,1,3,3,4
162,5,0,3,1,1,0,0,6,0,2,2,0,3,0
163,5,0,4,0,2,0,2,3,0,1,2,0,3,0
164,3,1,3,2,2,1,0,7,0,0,1,2,3,0
165,5,1,4,3,1,0,0,6,1,0,1,0,7,0
166,4,1,3,3,2,0,0,7,0,0,1,0,3,0
167,5,0,2,3,3,1,2,6,1,0,1,1,3,0
168,1,1,4,2,3,0,2,6,1,0,1,0,7,1
169,3,0,2,1,0,0,0,4,0,0,2,0,3,0
170,8,1,3,5,2,0,0,2,1,4,2,1,7,3
171,4,1,4,4,2,0,2,2,1,0,1,0,7,0
172,6,0,4,6,2,0,0,5,1,0,2,0,3,1
173,6,0,4,3,5,0,2,6,0,1,2,0,3,0
174,7,1,4,4,1,0,2,4,0,2,2,2,6,4
175,5,1,4,4,3,0,0,1,1,1,2,1,7,1
176,4,1,4,1,2,1,0,5,0,0,1,3,7,0
177,5,1,4,3,1,0,2,2,1,3,2,1,6,1
178,2,1,3,3,3,0,0,6,0,2,1,1,3,0
179,4,1,3,3,2,1,2,7,0,0,1,3,3,0
180,3,1,4,2,3,0,2,6,0,0,2,0,7,3
181,5,0,4,3,5,0,2,5,1,2,2,2,7,2
182,2,1,1,4,2,0,2,7,0,1,1,2,3,0
183,6,1,1,7,3,0,2,5,0,6,3,0,7,0
184,6,0,4,5,3,0,2,6,0,0,1,0,3,1
185,6,0,2,3,1,0,0,7,0,0,1,2,3,0
186,2,1,3,2,2,1,0,8,0,1,3,0,7,0
187,7,1,2,5,2,0,0,3,1,0,2,3,6,2
188,5,1,2,8,3,0,2,8,0,0,1,1,7,1
189,8,1,3,3,2,0,2,5,0,2,2,3,7,2
190,4,1,3,2,1,0,0,6,0,0,1,0,3,0
191,4,1,4,3,3,0,0,3,1,6,2,3,7,3
192,2,1,4,3,2,1,2,5,1,0,2,0,7,1
193,6,0,4,3,3,1,0,2,0,2,2,3,3,2
194,7,0,3,2,1,0,2,3,0,2,2,0,3,0
195,7,1,4,0,3,0,2,3,1,1,2,2,3,3
196,8,1,1,5,2,1,2,4,0,0,2,1,3,0
197,3,0,4,3,2,0,2,5,1,0,2,0,3,0
198,4,0,2,2,2,0,0,6,0,1,1,0,3,0
199,6,1,1,5,3,0,2,3,0,0,1,0,3,1
200,4,0,4,1,2,0,2,6,0,0,1,0,3,0
201,7,0,4,7,4,0,0,5,1,0,1,0,3,0
202,5,1,3,4,0,1,0,7,0,0,1,1,7,0
203,7,0,3,3,3,0,0,4,0,0,1,0,7,0
204,2,1,4,1,1,0,0,6,0,0,1,0,7,0
205,3,1,4,4,3,0,2,5,1,0,2,3,7,3
206,5,1,4,2,2,0,2,4,1,4,2,2,7,3
207,4,1,4,4,1,0,2,3,1,1,2,0,7,3
208,5,1,2,3,2,0,0,6,0,0,1,0,3,0
209,6,0,4,4,2,0,0,5,1,2,2,0,3,1
210,1,0,3,2,1,0,0,7,0,0,1,0,3,0
211,1,1,1,2,2,0,0,7,1,5,2,0,7,4
212,2,1,3,3,1,0,2,6,0,2,2,0,3,0
213,7,0,4,7,2,1,0,6,1,1,2,2,7,3
214,4,1,4,1,2,0,0,6,0,0,1,1,3,1
215,5,1,1,2,1,0,2,6,0,2,2,0,7,0
216,3,0,2,0,1,0,0,7,0,0,1,0,3,0
217,3,0,4,3,2,0,2,5,1,0,2,0,3,0
218,7,0,4,3,3,0,0,3,0,2,2,2,3,0
219,6,1,4,3,3,0,2,7,0,0,1,0,3,0
220,2,0,3,1,2,0,2,7,1,0,1,0,3,0
221,5,0,3,1,2,0,2,6,0,0,1,0,3,0
222,2,0,3,0,1,0,0,7,0,0,1,0,3,0
223,4,1,4,2,3,0,0,1,1,2,2,2,7,3
224,6,0,4,1,2,0,0,7,1,2,2,2,3,1
225,0,0,2,2,1,0,0,8,0,0,1,0,3,0
226,3,1,4,1,1,0,0,5,0,0,1,0,3,0
227,7,0,3,4,3,0,0,7,0,0,1,1,3,0
228,5,1,4,1,1,0,2,2,1,0,2,1,3,3
229,7,1,4,1,1,0,2,4,1,0,1,1,3,2
230,4,0,3,3,1,0,2,7,0,0,2,0,3,0
231,5,0,4,7,4,0,1,3,1,4,2,0,3,2
232,4,1,3,2,0,0,2,3,0,1,1,3,3,1
233,9,0,2,2,2,0,2,3,1,0,1,1,3,0
234,5,0,3,5,1,0,0,6,0,0,1,1,3,0
235,5,1,4,2,3,0,2,3,1,4,2,2,3,3
236,5,1,4,3,3,1,2,2,1,2,3,0,7,2
237,3,1,4,2,2,0,2,5,0,1,1,0,7,1
238,4,0,2,3,3,0,0,6,0,0,2,0,3,0
239,2,1,2,2,3,0,0,6,0,0,1,0,3,0
240,2,1,2,1,2,0,0,5,0,0,1,0,3,0
241,2,0,2,2,3,0,0,6,0,0,1,0,3,0
242,4,0,4,3,2,0,0,6,0,0,1,0,3,0
243,6,1,1,3,2,0,0,5,0,3,2,2,3,2
244,6,0,3,2,1,1,0,1,0,0,1,0,3,0
245,7,1,4,2,2,0,0,0,0,1,2,0,3,2
246,5,1,4,0,2,0,0,6,0,0,1,1,7,2
247,3,1,4,1,3,0,2,3,1,1,2,1,3,1
248,4,1,4,2,1,0,0,6,0,1,1,2,7,3
249,6,1,2,2,1,1,2,4,0,0,1,0,3,0
250,5,1,4,1,1,0,0,3,1,2,2,0,6,0
251,5,1,4,4,1,0,0,2,0,2,2,1,7,1
252,7,1,4,2,2,0,0,2,1,0,2,1,7,0
253,4,0,3,2,3,0,2,6,0,0,1,0,3,0
254,2,1,4,1,3,0,0,7,0,1,2,0,3,0
255,2,0,3,2,1,0,0,7,0,0,2,0,3,0
256,7,0,4,0,2,0,0,5,0,0,1,2,3,0
257,9,0,3,3,1,0,1,3,0,1,2,0,3,0
258,8,1,2,5,2,0,2,5,0,0,1,0,3,0
259,5,1,2,2,2,0,0,5,0,0,1,0,7,1
260,3,0,3,2,2,0,0,5,0,0,2,1,3,0
261,5,0,2,3,4,1,2,5,0,0,1,2,3,3
262,6,0,1,4,2,0,0,7,0,1,1,0,3,0
263,3,1,3,2,2,0,0,7,0,0,1,0,3,0
264,6,1,4,3,0,0,2,3,1,5,2,1,3,4
265,2,1,4,3,3,0,0,3,1,2,2,0,6,2
266,4,1,4,2,1,1,0,6,1,1,2,0,3,2
267,6,1,3,2,1,1,0,4,0,3,2,1,6,2
268,2,1,4,4,2,0,0,7,0,0,1,0,7,1
269,2,1,3,3,1,0,0,5,0,0,1,0,3,0
270,6,1,4,3,1,0,2,4,1,2,1,1,7,1
271,7,1,4,5,2,0,2,4,0,3,1,0,6,0
272,3,1,4,3,3,0,0,3,1,2,2,2,7,2
273,8,0,4,1,0,0,0,3,0,2,2,0,3,0
274,6,1,1,3,1,0,0,6,0,1,1,2,3,1
275,7,1,1,6,2,0,2,6,0,0,2,0,7,0
276,7,0,3,4,3,0,2,5,0,0,2,1,3,0
277,2,0,3,3,1,0,0,5,0,0,2,0,3,0
278,5,1,2,5,2,0,2,6,0,0,1,1,3,1
279,5,0,4,3,1,0,0,4,0,0,2,0,3,0
280,5,1,4,1,4,0,0,5,1,4,2,1,7,2
281,3,1,3,3,2,0,0,7,0,0,1,0,3,0
282,5,0,4,2,1,0,1,4,1,2,2,1,7,3
283,1,1,2,2,1,0,0,7,0,0,1,0,3,0
284,6,1,4,4,1,0,0,6,0,0,1,1,7,2
285,5,1,4,1,4,0,1,4,0,6,3,3,6,4
286,5,0,4,6,2,1,2,5,1,4,2,2,6,2
287,5,1,2,2,1,0,0,5,0,0,2,0,7,0
288,5,1,2,3,1,0,2,6,0,0,1,0,7,0
289,5,1,2,2,2,0,0,7,0,0,3,0,3,0
290,7,1,3,4,1,0,2,5,0,1,2,0,7,1
291,5,0,2,3,4,0,0,6,0,1,1,0,3,0
292,3,1,4,2,0,0,0,5,1,4,3,0,6,2
293,6,1,4,3,1,0,2,5,1,5,1,2,7,2
294,6,0,4,2,1,0,0,4,1,0,2,0,3,1
295,2,1,2,2,0,0,0,7,0,0,1,0,3,0
296,6,1,4,5,1,1,2,1,0,1,2,2,6,3
297,5,0,4,3,2,0,0,3,1,0,2,0,7,1
298,3,1,1,1,2,0,0,4,0,1,2,0,7,1
299,7,1,4,4,1,1,0,5,0,4,2,2,7,2
300,5,1,4,3,0,0,0,3,1,1,2,1,7,3
301,5,0,2,3,2,0,2,7,0,0,2,1,3,1
302,1,1,3,3,1,0,0,7,0,0,1,0,3,0
